[gd_scene format=3 uid="uid://bbi1p86eiax4y"]

[ext_resource type="PackedScene" uid="uid://fduhqpmdiyel" path="res://assets/models/hub/All/hub_with_collider.tscn" id="1_6b3hv"]
[ext_resource type="PackedScene" uid="uid://wqqyby20gai6" path="res://scenes/gravity/GravityField.tscn" id="2_6b3hv"]
[ext_resource type="PackedScene" uid="uid://6g44s821vkee" path="res://assets/models/hub/All/CarriableItems/la_tongue_bleu_du_daron_prime.tscn" id="6_6mqw4"]
[ext_resource type="PackedScene" uid="uid://cw5d0km0e4aou" path="res://assets/models/hub/All/CarriableItems/DuckInANutshel.tscn" id="6_gnv68"]
[ext_resource type="PackedScene" uid="uid://d2t5wykwq0c7s" path="res://assets/models/hub/All/CarriableItems/la_tongue_jaune_de_la_madre.tscn" id="7_60ei6"]

[node name="HubRoom" type="Node3D" unique_id=311504040]

[node name="World" type="Node3D" parent="." unique_id=1489671301]

[node name="ElMonstro" parent="World" unique_id=1421029024 instance=ExtResource("6_gnv68")]
transform = Transform3D(1.209938, 0, -0.6564506, 0, 1.3765454, 0, 0.6564506, 0, 1.209938, 9.784517, -2.7472713, -11.447742)

[node name="ElMonstro2" parent="World" unique_id=15360288 instance=ExtResource("6_gnv68")]
transform = Transform3D(1.209938, 0, -0.6564506, 0, 1.3765454, 0, 0.6564506, 0, 1.209938, 22.05263, 3.805358, -1.4625692)

[node name="ElMonstro3" parent="World" unique_id=123563000 instance=ExtResource("6_gnv68")]
transform = Transform3D(1.1028616, 0, 0.8237559, 0, 1.3765453, 0, -0.8237559, 0, 1.1028616, 3.155981, 3.805358, -12.4819355)

[node name="HUB" parent="World" unique_id=1571602726 instance=ExtResource("1_6b3hv")]
transform = Transform3D(1, 0, 0, 0, 1, 0, 0, 0, 1, 0, -145.08151, -289.1689)

[node name="GravityField" parent="World" unique_id=1949901627 instance=ExtResource("2_6b3hv")]
transform = Transform3D(60, 0, 0, 0, 7, 0, 0, 0, 40, 0, 12.684502, 0)
vecGravityDirection = Vector3(0, 1, 0)

[node name="LaTongueBleuDuDaronPrime" parent="World" unique_id=1250055273 instance=ExtResource("6_6mqw4")]
transform = Transform3D(1, 0, 0, 0, 1, 0, 0, 0, 1, 11.827118, 3.7782254, -13.094173)

[node name="LaTongueBleuDuDaronPrime2" parent="World" unique_id=2126882646 instance=ExtResource("6_6mqw4")]
transform = Transform3D(1, 0, 0, 0, 1, 0, 0, 0, 1, -5.309742, 3.778225, -12.219342)

[node name="LaTongueBleuDuDaronPrime3" parent="World" unique_id=698853287 instance=ExtResource("6_6mqw4")]
transform = Transform3D(-0.020924991, 0, 0.9997811, 0, 1, 0, -0.9997811, 0, -0.020924991, 11.901885, -2.8871355, -6.958206)

[node name="LaTongueBleuDuDaronPrime4" parent="World" unique_id=1889651737 instance=ExtResource("6_6mqw4")]
transform = Transform3D(-0.020924991, 0, 0.9997811, 0, 1, 0, -0.9997811, 0, -0.020924991, 22.81631, -2.887135, 0.7197232)

[node name="LaTongueJauneDeLaMadre" parent="World" unique_id=606507805 instance=ExtResource("7_60ei6")]
transform = Transform3D(0.35613465, 0, 0.93443465, 0, 1, 0, -0.93443465, 0, 0.35613465, 14.711773, 3.7782254, -11.979448)

[node name="LaTongueJauneDeLaMadre2" parent="World" unique_id=1965861599 instance=ExtResource("7_60ei6")]
transform = Transform3D(0.9792865, 0, -0.20247966, 0, 1, 0, 0.20247966, 0, 0.9792865, 14.711773, -2.2091284, -11.979448)

[node name="LaTongueJauneDeLaMadre3" parent="World" unique_id=1811426075 instance=ExtResource("7_60ei6")]
transform = Transform3D(0.9792865, 0, -0.20247966, 0, 1, 0, 0.20247966, 0, 0.9792865, 7.502762, -2.2091284, -4.0788517)

[node name="LaTongueJauneDeLaMadre4" parent="World" unique_id=992303230 instance=ExtResource("7_60ei6")]
transform = Transform3D(0.9792865, 0, -0.20247966, 0, 1, 0, 0.20247966, 0, 0.9792865, 23.864809, -2.4917161, -3.3319058)
